0 0.683288 0.212500 0.153639 0.150000
0 0.350404 0.101250 0.247978 0.127500
0 0.307278 0.358750 0.156334 0.192500
0 0.440701 0.373750 0.115903 0.172500
0 0.509434 0.377500 0.070081 0.135000
0 0.656334 0.386250 0.164420 0.177500
0 0.797844 0.571250 0.102426 0.202500
0 0.564690 0.483750 0.088949 0.067500
0 0.576819 0.552500 0.102426 0.065000
0 0.473046 0.580000 0.072776 0.100000
0 0.533693 0.618750 0.075472 0.087500
0 0.402965 0.672500 0.132075 0.210000
0 0.262803 0.685000 0.115903 0.225000
0 0.419137 0.856250 0.142857 0.212500