0 0.626642 0.603750 0.105066 0.247500
0 0.465291 0.695000 0.142589 0.130000
0 0.514071 0.695000 0.116323 0.195000
0 0.508443 0.517500 0.108818 0.170000
0 0.424953 0.457500 0.103189 0.205000
0 0.162289 0.598750 0.148218 0.157500
0 0.320826 0.437500 0.093809 0.155000
0 0.246717 0.392500 0.121951 0.170000
0 0.146341 0.356250 0.108818 0.177500
0 0.049719 0.255000 0.095685 0.155000
0 0.019700 0.632500 0.035647 0.105000
0 0.225141 0.246250 0.116323 0.162500
0 0.225141 0.110000 0.127580 0.110000
0 0.306754 0.138750 0.144465 0.107500
0 0.398687 0.098750 0.088180 0.192500
0 0.484991 0.030000 0.046904 0.055000
0 0.597561 0.121250 0.103189 0.097500
0 0.679174 0.047500 0.116323 0.090000
0 0.366792 0.025000 0.125704 0.045000
0 0.176360 0.018750 0.075047 0.032500